// Create a script to generate 5 Hedera TestNet accounts (Account1, Account2, Account3, Account5 and Account5). Do not fund the accounts directly on creation.
// Use these accounts as indicated in the following tasks. These accounts must not already exist before the start of the test.
// Be sure to note down the account Id and keys of the accounts – you will need these later. You will also need to communicate these account IDs during your response to the certification test.
// Use a single transaction to fund the accounts as you see appropriate to cover the costs of your tasks.
// Provide the script output(s) in your response.


Output :
hashgraph-programs % node createAccount_Task1.js
Script Execution Date & Time: 5/30/2023, 5:50:58 PM
Generating five Hedera Testnet accounts: Account1, Account2, Account3, Account4, and Account5...
ACCOUNT1_ID=0.0.13714312
ACCOUNT1_PUBLIC_KEY=302a300506032b65700321005149aa6845949e5b3022aa5228a1546c0b74ffd7cc72fc032653268d7a80eb3e
ACCOUNT1_PRIVATE_KEY=302e020100300506032b657004220420fac3a03129584bd0634620c82c98daa182669d24ecc00155a0cf823d2e91035d

ACCOUNT2_ID=0.0.13714313
ACCOUNT2_PUBLIC_KEY=302a300506032b6570032100d60b41037a5aebbddb92d86494436d5a86d8da22c2f6586e5894f18c009c06f8
ACCOUNT2_PRIVATE_KEY=302e020100300506032b657004220420d69a12553fbaf3f7c41b4bea6799b77c5d7dc1c8883a4c8c788cc9d2e4e2bd14

ACCOUNT3_ID=0.0.13714314
ACCOUNT3_PUBLIC_KEY=302a300506032b6570032100086049ab605c5027d18f82330335f3afab121a3cde536cdd03d45e6c5d21438c
ACCOUNT3_PRIVATE_KEY=302e020100300506032b6570042204200e55a7860c97a89a4981bb9dd2a1c9c2f5f675cd7a43ccd3ee8aa82c27e95ed4

ACCOUNT4_ID=0.0.13714315
ACCOUNT4_PUBLIC_KEY=302a300506032b657003210023ede803f9215cabdc260f813c97395bc525f7f750832c2696d1030b6c285177
ACCOUNT4_PRIVATE_KEY=302e020100300506032b657004220420928695a8175a23dbd45ea7c0f09c96df6fb2b9d704c2f6938127b7fe78b40e7c

ACCOUNT5_ID=0.0.13714316
ACCOUNT5_PUBLIC_KEY=302a300506032b65700321007275ed8f6255216baca3068ba304808bef8a102be6cd26c32feb8317e7ab4efb
ACCOUNT5_PRIVATE_KEY=302e020100300506032b6570042204205887a02bfe13c90c3b04bf6678c95933ac63066ca4b38eb69af95895a61430bf


